/*********************************************
 * OPL 22.1.1.0 Data
 * Author: Santiago
 * Creation Date: Oct 27, 2025 at 2:26:29 PM
 *********************************************/

// .dat used for evaluation/eval1

// --- Conjuntos ---
I = { "AAPL", "BND", "GOOGL", "IEF", "MSFT", "NVDA", "SPY", "TLT", "VOO", "VTI" };

H = 53;

D = { "2025-11-02", "2025-11-09", "2025-11-16", "2025-11-23", "2025-11-30", "2025-12-07", "2025-12-14", "2025-12-21", "2025-12-28", "2026-01-04", "2026-01-11", "2026-01-18", "2026-01-25", "2026-02-01", "2026-02-08", "2026-02-15", "2026-02-22", "2026-03-01", "2026-03-08", "2026-03-15", "2026-03-22", "2026-03-29", "2026-04-05", "2026-04-12", "2026-04-19", "2026-04-26", "2026-05-03", "2026-05-10", "2026-05-17", "2026-05-24", "2026-05-31", "2026-06-07", "2026-06-14", "2026-06-21", "2026-06-28", "2026-07-05", "2026-07-12", "2026-07-19", "2026-07-26", "2026-08-02", "2026-08-09", "2026-08-16", "2026-08-23", "2026-08-30", "2026-09-06", "2026-09-13", "2026-09-20", "2026-09-27", "2026-10-04", "2026-10-11", "2026-10-18", "2026-10-25", "2026-11-01" };

C = { "Acciones", "ETF" };

// --- Parámetros ---
r = [
  [-0.044944, -0.041090, -0.039143, -0.035496, -0.031419, -0.028141, -0.025145, -0.022099, -0.020513, -0.022154, -0.022429, -0.022824, -0.023333, -0.018373, -0.019398, -0.013690, -0.012636, -0.012784, -0.012704, -0.018362, -0.015917, -0.015064, -0.022288, -0.017839, -0.017123, -0.012349, -0.012735, -0.013964, -0.009195, -0.013184, -0.010679, -0.009121, -0.010772, -0.008736, -0.008188, -0.003975, -0.004408, -0.004138, -0.003123, -0.006162, 0.002204, 0.002726, 0.001571, 0.002630, 0.004424, 0.002752, 0.005516, 0.007620, 0.007764, 0.004333, 0.005790, 0.007947, 0.008838]
  [-0.004145, -0.003442, -0.003736, -0.003421, -0.002381, -0.001965, -0.002694, -0.002912, -0.002926, -0.002667, -0.003016, -0.002237, -0.002028, -0.001656, -0.001362, -0.001122, -0.000856, -0.000071, -0.000427, -0.000443, -0.000112, -0.000105, 0.000508, -0.000985, -0.000401, 0.000061, -0.000145, -0.000243, -0.000303, -0.000525, -0.000011, -0.000275, 0.000148, 0.000288, 0.000649, 0.000589, 0.000324, 0.000346, 0.000547, 0.001100, 0.000896, 0.000858, 0.001052, 0.001038, 0.001557, 0.001706, 0.001491, 0.001224, 0.001424, 0.001508, 0.001707, 0.001717, 0.001646]
  [0.027411, 0.028239, 0.024574, 0.020410, 0.020712, 0.021515, 0.025488, 0.024461, 0.023416, 0.021709, 0.020485, 0.020493, 0.020552, 0.020461, 0.013740, 0.012880, 0.010303, 0.006552, 0.007420, 0.004152, 0.003359, -0.000377, -0.003748, 0.001232, -0.001125, 0.003230, 0.003803, -0.000552, 0.004761, 0.005298, 0.006145, 0.006454, 0.006482, 0.003335, 0.007416, 0.007307, 0.007089, 0.008285, 0.010421, 0.008538, 0.011924, 0.011948, 0.011875, 0.013148, 0.018584, 0.019005, 0.021333, 0.018126, 0.016749, 0.013597, 0.017025, 0.017571, 0.018675]
  [-0.007497, -0.006708, -0.006866, -0.006274, -0.004878, -0.004350, -0.005084, -0.005275, -0.005302, -0.004808, -0.005182, -0.004136, -0.003874, -0.003285, -0.002819, -0.002534, -0.002131, -0.000972, -0.001327, -0.001191, -0.000776, -0.000685, 0.000478, -0.001446, -0.000608, -0.000236, -0.000348, -0.000549, -0.000758, -0.000840, -0.000278, -0.000738, -0.000194, 0.000015, 0.000515, 0.000277, -0.000018, 0.000034, 0.000248, 0.001027, 0.000777, 0.000636, 0.000938, 0.001120, 0.001644, 0.001669, 0.001352, 0.001017, 0.001252, 0.001494, 0.001701, 0.001661, 0.001561]
  [-0.038022, -0.033962, -0.032995, -0.030605, -0.027839, -0.023320, -0.021420, -0.021566, -0.021106, -0.020841, -0.020214, -0.017557, -0.014402, -0.017456, -0.017176, -0.016339, -0.015271, -0.016004, -0.015600, -0.015388, -0.014048, -0.015116, -0.017212, -0.011409, -0.013917, -0.009155, -0.001956, -0.001363, 0.000958, 0.000360, 0.001695, 0.002900, 0.003310, 0.003420, 0.005544, 0.005563, 0.005768, 0.006224, 0.006281, 0.007119, 0.006455, 0.005853, 0.004105, 0.003795, 0.002183, 0.003858, 0.004571, 0.003548, 0.004026, 0.003043, 0.003168, 0.004150, 0.004807]
  [-0.036436, -0.028831, -0.029397, -0.027646, -0.027551, -0.024075, -0.026081, -0.024315, -0.021827, -0.017250, -0.019770, -0.017789, -0.014583, -0.023195, -0.016921, -0.011742, -0.012947, -0.016415, -0.021304, -0.015239, -0.016282, -0.019399, -0.026638, -0.014466, -0.018704, -0.011954, -0.009350, -0.007663, 0.002441, 0.000474, 0.002200, 0.004994, 0.004804, 0.005311, 0.010790, 0.010747, 0.012203, 0.014196, 0.013724, 0.012976, 0.015299, 0.013643, 0.012006, 0.010001, 0.006935, 0.010402, 0.009390, 0.009343, 0.011957, 0.009814, 0.009245, 0.009685, 0.010789]
  [-0.016855, -0.012991, -0.013460, -0.011652, -0.010244, -0.009105, -0.008914, -0.009479, -0.008518, -0.008316, -0.008978, -0.006673, -0.005230, -0.005523, -0.005296, -0.004087, -0.004802, -0.005090, -0.006628, -0.007596, -0.006835, -0.007310, -0.012311, -0.008170, -0.008526, -0.005252, -0.003181, -0.003246, 0.000123, -0.001408, -0.000258, 0.000750, 0.000491, 0.000364, 0.002425, 0.003298, 0.002935, 0.003140, 0.003861, 0.002181, 0.003542, 0.003919, 0.003859, 0.003603, 0.003590, 0.004318, 0.004801, 0.004343, 0.004752, 0.003015, 0.003879, 0.004808, 0.005227]
  [-0.008090, -0.006515, -0.007687, -0.007020, -0.004222, -0.003491, -0.005977, -0.006615, -0.007040, -0.006487, -0.007355, -0.005699, -0.005337, -0.004645, -0.003116, -0.003010, -0.002520, -0.000480, -0.001773, -0.001627, -0.001177, -0.001477, 0.000638, -0.003252, -0.002615, -0.001526, -0.001999, -0.002344, -0.002721, -0.003774, -0.002320, -0.002606, -0.001761, -0.001544, -0.000827, -0.000843, -0.001607, -0.001895, -0.000944, 0.000311, -0.000070, -0.000677, -0.000185, -0.000484, 0.001136, 0.002010, 0.001269, 0.001112, 0.001579, 0.002317, 0.002562, 0.002585, 0.002634]
  [-0.016819, -0.012951, -0.013423, -0.011619, -0.010266, -0.009068, -0.008869, -0.009478, -0.008492, -0.008276, -0.008938, -0.006652, -0.005210, -0.005507, -0.005299, -0.004059, -0.004772, -0.005075, -0.006618, -0.007586, -0.006806, -0.007285, -0.012166, -0.008210, -0.008531, -0.005265, -0.003218, -0.003263, 0.000127, -0.001403, -0.000264, 0.000738, 0.000487, 0.000343, 0.002429, 0.003347, 0.002937, 0.003148, 0.003860, 0.002181, 0.003550, 0.003934, 0.003865, 0.003620, 0.003593, 0.004333, 0.004802, 0.004355, 0.004772, 0.003043, 0.003885, 0.004810, 0.005240]
  [-0.015591, -0.011577, -0.012177, -0.010165, -0.008877, -0.007826, -0.007857, -0.008716, -0.007837, -0.007573, -0.008298, -0.005941, -0.004552, -0.004816, -0.004648, -0.003596, -0.004557, -0.004884, -0.006561, -0.007512, -0.006658, -0.007218, -0.012262, -0.008322, -0.008508, -0.005241, -0.003117, -0.003109, 0.000231, -0.001329, -0.000230, 0.000868, 0.000501, 0.000442, 0.002436, 0.003408, 0.003006, 0.003230, 0.003930, 0.002173, 0.003473, 0.003924, 0.004013, 0.003776, 0.003804, 0.004470, 0.004966, 0.004437, 0.004851, 0.003074, 0.003915, 0.004856, 0.005233]
];

g = [
  [1, 0]
  [0, 1]
  [1, 0]
  [0, 1]
  [1, 0]
  [1, 0]
  [0, 1]
  [0, 1]
  [0, 1]
  [0, 1]
];

W0 = 15000;

L = [0.050000, 0.050000];

U = [0.750000, 0.750000];

X_min = [0.010000, 0.010000, 0.010000, 0.010000, 0.010000, 0.010000, 0.010000, 0.010000, 0.010000, 0.010000];

X_max = [0.750000, 0.750000, 0.750000, 0.750000, 0.750000, 0.750000, 0.750000, 0.750000, 0.750000, 0.750000];

