// --- Conjuntos ---
I = { "AAPL", "AMZN", "BTC-USD", "ES=F", "EURUSD=X", "GOOGL", "MSFT", "NVDA", "SPY", "VTSAX" };

H = 27;

D = { "2025-04-06", "2025-04-13", "2025-04-20", "2025-04-27", "2025-05-04", "2025-05-11", "2025-05-18", "2025-05-25", "2025-06-01", "2025-06-08", "2025-06-15", "2025-06-22", "2025-06-29", "2025-07-06", "2025-07-13", "2025-07-20", "2025-07-27", "2025-08-03", "2025-08-10", "2025-08-17", "2025-08-24", "2025-08-31", "2025-09-07", "2025-09-14", "2025-09-21", "2025-09-28", "2025-10-05" };

C = { "Acciones", "Cripto", "Divisa", "ETF", "Fondo", "Otros" };

// --- Parámetros ---
r = [
  [0.000088, 0.000281, 0.002229, 0.001178, -0.001096, 0.000127, -0.000399, 0.000924, 0.002816, 0.004040, 0.005104, 0.006336, 0.006215, 0.002971, 0.001188, -0.000624, -0.002465, 0.001244, -0.000959, 0.003643, 0.003657, 0.002531, 0.001692, -0.004829, -0.003196, -0.003106, -0.001463]
  [0.009472, 0.009647, 0.009122, 0.008206, 0.010940, 0.013391, 0.010982, 0.008697, 0.011454, 0.016291, 0.015427, 0.013831, 0.012689, 0.012046, 0.009918, 0.011241, 0.012933, 0.012880, 0.009954, 0.009234, 0.005505, 0.003983, 0.000061, -0.000334, -0.000841, -0.001858, -0.001918]
  [0.036056, 0.033923, 0.037759, 0.034561, 0.033205, 0.041454, 0.045954, 0.048651, 0.045283, 0.045006, 0.044121, 0.036184, 0.033020, 0.034108, 0.029726, 0.032135, 0.031152, 0.026365, 0.024053, 0.022408, 0.021125, 0.018595, 0.008791, 0.009737, 0.011677, 0.008383, 0.009946]
  [0.006901, 0.007105, 0.007152, 0.006113, 0.004846, 0.007337, 0.005615, 0.006199, 0.006473, 0.006556, 0.005735, 0.003258, 0.004981, 0.004309, 0.002816, 0.004357, 0.005088, 0.004137, 0.003713, 0.004309, 0.003042, 0.002205, 0.000189, -0.001235, -0.001397, -0.001258, -0.000633]
  [-0.002560, -0.002960, -0.003355, -0.003183, -0.002649, -0.002991, -0.004285, -0.004374, -0.003575, -0.003232, -0.003670, -0.004075, -0.003493, -0.004176, -0.003754, -0.003503, -0.002629, -0.002579, -0.002491, -0.001902, -0.001565, -0.002074, 0.000318, 0.000675, 0.000641, 0.000294, 0.000376]
  [0.007235, 0.005429, 0.005169, 0.005538, 0.007392, 0.009421, 0.006884, 0.003783, 0.005081, 0.006822, 0.011677, 0.011479, 0.011213, 0.010238, 0.009702, 0.010357, 0.011025, 0.011505, 0.005321, 0.004966, 0.002864, -0.000440, 0.000848, -0.002026, -0.002448, -0.005836, -0.004420]
  [-0.002565, -0.002374, -0.001966, -0.000415, -0.002882, -0.000929, -0.001944, -0.001418, -0.000403, 0.002470, 0.002823, 0.001222, 0.000314, -0.000705, -0.001286, 0.000234, 0.002322, -0.001735, -0.002399, -0.002448, -0.002213, -0.003730, -0.004062, -0.004543, -0.003854, -0.005533, -0.004664]
  [0.051073, 0.052754, 0.051013, 0.049491, 0.043919, 0.046703, 0.041605, 0.039096, 0.035186, 0.034898, 0.029354, 0.027794, 0.027155, 0.028793, 0.023510, 0.022894, 0.023660, 0.012753, 0.016870, 0.020022, 0.016911, 0.011651, 0.005078, 0.009561, 0.007029, 0.002514, 0.002626]
  [0.007243, 0.007499, 0.007568, 0.006544, 0.005322, 0.007856, 0.006137, 0.006768, 0.007071, 0.007171, 0.006385, 0.004903, 0.005000, 0.004392, 0.002967, 0.004555, 0.005325, 0.004399, 0.004030, 0.004680, 0.003439, 0.002656, 0.000653, -0.000752, -0.000401, -0.001262, -0.000613]
  [0.007761, 0.008001, 0.008098, 0.006917, 0.005815, 0.008510, 0.006724, 0.007633, 0.007802, 0.007897, 0.006898, 0.005136, 0.005184, 0.004697, 0.003229, 0.004902, 0.005652, 0.004777, 0.004342, 0.004876, 0.003391, 0.002596, 0.000488, -0.000885, -0.000449, -0.001366, -0.000770]
];

c_buy = [0.001000, 0.000500, 0.001500, 0.000200, 0.002500, 0.001500, 0.001000, 0.001000, 0.001000, 0.001000];

c_sell = [0.001500, 0.001000, 0.002000, 0.000300, 0.003000, 0.002000, 0.001500, 0.001500, 0.001500, 0.001500];

g = [
  [1, 0, 0, 0, 0, 0]
  [1, 0, 0, 0, 0, 0]
  [0, 1, 0, 0, 0, 0]
  [0, 0, 0, 0, 0, 1]
  [0, 0, 1, 0, 0, 0]
  [1, 0, 0, 0, 0, 0]
  [1, 0, 0, 0, 0, 0]
  [1, 0, 0, 0, 0, 0]
  [0, 0, 0, 1, 0, 0]
  [0, 0, 0, 0, 1, 0]
];

W0 = 100;

L = [0.100000, 0.100000, 0.100000, 0.100000, 0.100000, 0.100000];

U = [0.750000, 0.750000, 0.750000, 0.750000, 0.750000, 0.750000];

X_min = [0.000000, 0.000000, 0.000000, 0.000000, 0.000000, 0.000000, 0.000000, 0.000000, 0.000000, 0.000000];

X_max = [0.750000, 0.750000, 0.750000, 0.750000, 0.750000, 0.750000, 0.750000, 0.750000, 0.750000, 0.750000];

